Übung 1

13
16
27
19
14
14
26
16
13
14
18
21
13
25
12
18
21
20
19
15
24
23
11
25
14
20
14
22
29
14
19
19
20
21
18
23
22
27
17
20
20
17
16
12
26
42
28
26
29
41
37
16
16
17
19
18
27
31
38
38
60
58
65
75
74
89
97
116
127
140
171
219
304
336
536
627
991
1415
1756
1816
1802
1820
1641
1476
1000
937
1309
1474
1768
1766
1558
1635
1808
2054
2125
2115
2106
2009
1875
2463
27338
15996
2080
2105
7732
56569
57264
24561
1715
1760
1788
1775
1804
1795
1785
1791
1789
1806
1754
1767
1716
1695
1696
1698
1705
1729
1751
1756
1773
1793
8728
50196
51971
52529
52482
10528
1829
1838
1822
1847
1822
1793
1820
1770
1809
1789
1760
1782
1757
1747
1731
1745
1738
36851
56124
56553
56011
10564
1767
1743
1716
1733
1723
1733
1697
1669
1660
1652
1627
1612
1622
1598
1585
1576
1561
1551
1542
1534
1545
1535
30051
57264
2404
1643
1621
1575
1578
1575
46368
30688
941
35142
3447
1086
1326
1138
1026
1028
1060
1123
1160
1162
1153
1160
1172
1115
1063
1074
957
952
1017
1037
1072
1025
893
774
705
669
622
549
545
536
522
479
457
430
346
305
279
275
274
259
250
257
276
276
322
377
423
479
522
574
600
614
589
532
499
479
412
365
339
298
272
268
272
258
233
216
209
195
174
171
169
148
146
159
175
211
295
586
734
863
1054
1154
1165
1109
842
532
514
533
537
461
391
329
284
288
325
395
422
473
521
656
898
1268
1378
1382
1462
1328
1182
1029
962
923
885
887
865
848
798
600
401
380
364
359
331
312
288
264
251
254
255
279
329
391
561
924
1311
1446
1481
1495
1423
1245
1137
1029
1001
987
954
894
815
831
788
644
493
444
401
315
240
204
169
140
104
107
110
123
135
155
160
165
171
137
93
85
74
57
41
54
42
38
41
47
41
42
47
51
53
66
66
50
50
43
46
53
40
43
52
55
72
89
101
92
112
128
158
198
264
332
385
458
553
791
1119
1260
1602
1911
2362
2404
2472
2266
2199
2131
2068
1967
1989
1825
1487
1330
1249
1117
1037
979
949
890
849
789
668
578
506
434
365
326
304
293
290
344
418
491
986
1422
1415
1368
1384
1229
1130
1161
1189
1185
1064
1053
1036
811
496
425
442
432
384
364
346
361
399
474
580
847
1821
3028
4096
4363
4356
4606
4650
4931
4889
4988
4440
4161
4008
4181
4254
4246
4413
4684
5249
5478
5926
5898
5362
4129
3593
3546
3473
3512
3579
3894
4081
4240
4345
4390
4624
4897
5164
5236
5298
5454
5613
5659
5776
5941
5521
3787
3194
3126
3339
3510
3777
3891
3995
4317
4415
4461
4404
4422
4402
4115
3750
3046
2402
1366
1002
829
528
436
430
451
361
289
244
190
153
105
83
85
98
128
179
269
335
370
436
665
1162
1718
2084
2221
2192
2113
2089
1955
1620
1542
1496
1691
1975
2157
2285
2392
2399
2492
2175
1587
1353
1252
1126
1182
1355
1412
1258
1150
1089
1046
1159
1010
779
40
92
153
208
409
901
1103
1120
1063
1011
934
803
665
600
643
668
621
542
547
614
890
1107
1257
1501
1630
2002
2132
1757
1131
799
616
515
335
71
18
45
86
140
190
263
345
445
483
471
621
959
1032
1128
1203
1270
1336
1362
1392
1445
1505
1491
1423
1381
1378
1404
1455
1525
1708
2051
2147
2089
1976
1838
1478
1285
1138
1053
873
706
624
578
585
671
902
1035
1392
1620
1783
2137
2478
2750
3507
4016
4358
4705
4717
4481
3960
3589
3500
3463
3715
3847
4009
4169
4232
4236
4213
4410
4563
4749
5127
5331
5270
5123
4857
4662
4131
3158
2786
2383
2147
2145
2438
3190
3262
3165
2806
3185
3311
3085
3176
3344
3972
4029
3876
3820
3946
3734
3751
3907
4024
4444
4735
5020
5294
5482
5614
5486
5452
5458
5444
5374
5057
4596
4357
4284
4324
4301
3817
3504
3927
4773
5422
5507
5993
5919
5508
5497
5394
5010
5075
5709
6042
6496
6705
6909
7329
7171
6592
6144
5792
6012
6257
6330
6311
6118
6178
6165
5871
5318
5232
5994
6253
6217
6614
7028
7314
7238
6433
5856
6321
6522
6882
6483
5633
4883
4972
4781
4689
4522
5365
5454
5166
5238
5561
5574
5602
5156
4591
4495
3668
2545
1522
1309
1297
1124
733
511
419
406
384
363
347
393
616
747
916
1182
1421
1774
2215
2899
3425
3568
3976
4383
4558
4667
4788
4876
4922
4948
4731
3799
2847
1767
790
474
313
210
118
73
37
22
11
18
32
47
32
22
39
43
74
77
104
158
221
301
372
437
584
861
1033
1481
2356
2201
1887
1467
1202
669
308
104
11
18
12
29
21
37
52
69
87
129
166
193
215
224
217
210
195
198
211
235
259
247
220
219
215
195
170
148
115
83
75
51
45
19
26
18
12
27
19
24
35
21
16
13
22
21
18
34
21
11
16
13
14
23
22
23
11
22
13
14
18
12
12
13
22
39
28
49
54
83
98
127
138
176
198
239
279
348
419
515
638
906
1078
1187
1189
1183
1222
1318
1456
1539
1617
1703
1778
1814
1871
1931
1978
2024
2003
1979
1831
1502
1038
731
550
401
311
234
180
135
113
85
60
47
38
36
12
18
27
15
30
23
24
24
22
15
32
27
27
21
15
20
11
14
19
20
18
20
13
18
22
14
17
12
19
11
11
23
17
11
31
14
14
21
17
22
12
28
13
32
12
19
18
33
24
15
19
39
16
20
15
23
14
32
15
12
16
15
20
22
37
20
20
18
20
20
14
19
32
17
15
20
21
27
21
24
21
11
18
27
19
14
14
20
28
18
27
33
16
26
22
16
18
18
16
36
20
18
19
11
14
32
11
31
18
35
18
12
25
27
23
25
16
44
16
25
14
11
33
36
44
48
64
97
128
149
189
253
307
362
424
505
525
452
429
480
609
656
605
713
848
912
862
765
750
784
851
954
1293
1833
2015
2164
2245
2348
2425
2521
2722
2828
2622
2472
2510
2762
2938
2956
3013
3155
3167
3011
2925
2900
2856
2819
2864
2890
2910
2910
2850
2702
2743
2911
2929
2821
2992
2828
2783
2728
2735
2651
2453
2477
2560
2650
2697
2778
2816
2875
2923
2967
2992
3021
3021
3030
3044
3065
3069
3227
3377
3172
3319
3390
3166
3129
3254
3456
3454
3390
3264
3048
2800
2748
2443
2446
2515
2641
2791
2970
3084
3175
3222
3286
3317
3337
3359
3359
3354
3363
3362
3327
3457
3294
3407
3405
3354
3379
3302
2924
2832
2742
2666
2626
2679
2699
2680
2644
2681
2703
2730
2713
2615
2456
2195
1730
1631
1640
1359
1181
1292
1265
1330
1401
1445
1140
1032
1192
1367
1399
1403
1538
1645
1837
2119
2523
2714
2903
3083
3255
3368
3472
3565
3616
3690
3742
3837
3878
3917
3931
3959
4022
4063
4110
4142
4218
4499
4496
4519
4514
4317
4208
4231
4193
4417
4432
4162
4028
3909
3726
3479
3210
2925
2584
2196
1899
1609
1132
1001
917
838
754
14
16
34
31
33
32
37
30
40
46
59
60
64
74
89
121
111
122
146
168
181
195
7233
51609
55077
47095
216
173
144
132
128
135
128
114
105
112
106
114
107
113
102
102
90
108
91
104
83
100
76
90
74
73
76
78
67
64
48
41
11
11
12
29
25
35
45
53
77
84
94
100
107
105
107
114
131
146
151
168
178
183
203
193
196
193
194
203
199
199
201
214
204
203
206
197
201
207
212
204
199
206
210
197
201
201
202
206
194
202
198
190
186
190
188
191
185
181
182
180
186
190
185
188
194
178
189
184
198
186
195
200
186
184
189
185
196
188
185
198
201
194
197
185
186
185
192
195
194
191
181
190
190
196
194
194
187
195
190
193
202
192
188
189
186
182
188
182
184
187
192
193
184
190
185
193
186
190
187
184
188
187
185
184
185
189
183
195
206
202
201
196
199
198
183
203
193
205
205
213
210
200
204
211
218
205
215
209
216
212
209
215
213
211
206
212
200
196
205
210
208
196
197
192
179
165
149
143
124
118
107
95
105
115
132
160
231
295
347
402
471
540
576
584
578
623
690
769
892
911
972
1045
1160
1309
1350
1422
2090
1475
1468
1419
1337
1294
1281
1251
1223
1277
1285
1305
1368
1459
1475
1484
1494
1496
1487
1523
1562
1558
1556
1556
1582
1596
1579
1589
1604
1595
1619
1657
1651
1664
1679
1706
1741
1752
1748
1777
1810
1850
1940
2016
2070
2059
2061
2117
2185
2279
2273
2253
2199
2094
1966
1684
1267
969
758
606
498
393
336
280
256
228
202
197
195
187
185
178
179
178
188
205
216
228
243
270
282
303
316
327
328
343
349
357
354
369
359
362
361
362
382
381
380
396
1493
6854
9535
10501
12486
14657
16903
23007
23385
2357
396
362
370
351
349
335
340
340
342
339
336
341
355
347
345
361
377
537
1324
2098
3087
3361
2784
2297
1187
420
327
277
259
235
224
202
193
162
143
114
91
83
64
55
35
29
30
21
13
18
18
17
14
12
21
12
12
13
19
12
18
11
11
14
18
26
16
15
11
20
15
12
19
11
14
17
14
11
18
14
19
13
26
11
29
16
11
16
12
15
12
18
25
23
28
12
18
22
12
11
28
17
24
18
20
16
23
15
15
16
16
15
24
15
21
24
12
18
32
24
18
19
22
27
17
19
12
12
21
27
24
27
28
35
28
49
49
57
53
63
68
77
83
97
105
111
117
130
129
136
136
154
180
1449
36200
44463
17307
185
171
142
130
141
130
127
135
151
136
140
158
152
148
164
174
217
38491
48917
28674
190
164
159
154
157
150
147
152
159
164
184
186
207
21080
49712
23162
185
187
169
158
161
169
180
162
157
175
174
191
19862
47856
15277
43
14727
46166
1138
11
12
24
37
47
57
85
107
110
114
118
121
139
150
144
172
161
181
184
194
198
200
206
209
216
221
229
223
221
220
191
179
187
184
194
190
200
197
200
210
206
199
212
199
215
210
211
210
198
194
221
200
208
214
220
199
206
215
206
207
211
216
215
208
205
205
218
209
210
214
208
211
212
211
206
217
211
220
215
209
209
211
197
186
192
196
198
216
201
211
213
220
216
221
221
221
219
221
226
220
228
229
220
239
225
220
221
215
227
217
220
222
221
223
220
221
216
221
208
219
208
207
215
217
213
214
215
197
192
178
160
158
122
115
99
100
85
67
71
64
44
49
44
39
32
30
34
36
29
28
25
17
14
13
18
12
12
23
11
19
11
16
23
27
15
24
12
11
11
11
18
12
22
23
16
15
18
24
24
28
25
23
31
31
17
18
14
11
30
42
30
33
14
18
16
16
19
23
23
27
26
28
24
33
35
26
37
22
34
28
45
30
26
32
15
23
40
20
16
30
25
24
27
19
19
14
20
13
14
15
34
22
30
28
18
17
27
16
26
27
22
24
29
18
17
13
29
15
21
16
15
15
12
13
16
19
17
19
12
20
19
11
21
12
17
13
12
20
20
20
16
14
13
25
23
21
18
14
20
22
16
13
15
19
24
14
17
27
18
30
28
21
16
17
24
26
11
26
22
13
14
18
21
26
20
18
16
13
26
21
23
18
28
16
16
17
24
16
21
18
21
20
20
24
15
23
22
22
14
17
21
16
15
13
13
22
24
20
21
20
17
11
20
15
26
19
17
17
15
24
14
13
34
16
27
23
17
12
28
14
14
15
11
17
16
22
21
28
12
18
11
15
24
22
26
12
11
21
14
23
14
12
