Übung 2

□□□□□□□□□□□□□□□□□□□□□□□□□□□□□□□□□□□□□□□□□□□□□□□□□□□□□□□□□□□□□□□□□□□□□□□□□□□□□□□□□□□□□□□□□□□□□□□□□□□□□□□□□□□□□□□□□□□□□□□□□□□□□□□□□□□□□□□□□□□□□□□□165
573
1170
591
550
584
557
Trigger: 4190
9487
Trigger: 9487
21562
Trigger: 21562
21357
Trigger: 21357
9019
Trigger: 9019
35636
Trigger: 35636
895
42792
Trigger: 43687
8323
Trigger: 8323
8431
Trigger: 8431
6620
Trigger: 6620
5531
Trigger: 5531
105
39986
Trigger: 40091
32250
Trigger: 32250
34469
Trigger: 34469
101
32834
Trigger: 32935
1116
50462
Trigger: 51578
4903
Trigger: 4903
12874
Trigger: 12874
102
107
103
103
108
103
116
105
111
120
114
112
111
121
118
119
116
121
113
121
126
126
144
132
141
150
143
143
133
140
153
148
160
162
Trigger: 3830
107
113
108
126
135
170
178
205
229
247
272
289
301
317
324
331
335
325
Trigger: 4005
105
119
113
111
135
156
196
248
305
353
363
398
425
448
483
485
Trigger: 4219
116
103
116
117
121
130
133
142
136
133
129
157
159
192
219
250
263
285
308
344
394
Trigger: 3947
115
175
256
408
518
651
990
1295
Trigger: 4408
120
196
264
238
107
106
107
109
101
104
119
116
107
101
115
133
138
138
143
139
138
148
136
140
144
143
142
140
138
132
138
137
137
136
138
134
135
137
137
136
136
Trigger: 3916
101
103
102
103
104
116
121
133
153
158
180
203
236
274
334
355
366
354
367
351
Trigger: 3805
106
113
126
118
122
119
130
119
126
128
126
119
102
101
102
107
107
102
106
109
113
126
106
118
116
125
116
121
129
132
131
132
126
125
116
119
115
128
129
120
125
123
125
124
114
127
117
122
125
118
117
107
116
Trigger: 3890
196
174
162
176
165
172
171
157
133
122
101
102
111
109
102
107
103
114
102
104
120
101
119
117
125
124
131
137
146
136
140
139
143
139
145
154
143
143
138
139
129
147
139
147
135
125
119
104
101
Trigger: 3825
132
134
177
206
213
208
215
220
232
185
195
221
216
209
214
215
212
134
286
394
405
407
398
403
403
400
394
406
Trigger: 3896
205
203
195
207
212
152
190
199
203
211
207
221
211
228
214
225
210
130
103
113
105
112
113
109
107
102
111
103
104
113
242
281
275
281
277
283
276
281
284
288
285
294
284
288
Trigger: 3919
108
117
129
149
171
211
252
302
394
576
720
548
474
Trigger: 4151
127
222
227
183
238
464
443
265
214
196
182
173
169
183
282
337
Trigger: 3905
122
151
191
219
232
256
277
273
292
306
303
310
304
290
286
Trigger: 3812
104
112
107
116
133
119
128
134
133
126
138
144
150
146
148
164
175
158
158
177
169
169
187
184
183
196
194
Trigger: 3948
107
105
105
109
103
108
105
101
121
101
106
103
117
123
174
127
116
138
125
148
124
123
128
124
115
115
123
125
116
126
121
122
122
121
124
127
128
142
148
143
167
150
164
Trigger: 3826
107
101
104
101
106
107
110
122
136
134
144
143
143
144
159
146
141
144
139
138
140
139
141
125
128
130
137
141
148
171
165
181
Trigger: 3902
132
112
107
101
111
103
107
123
129
124
132
131
132
132
123
131
145
142
146
145
147
136
148
145
147
138
143
151
151
154
153
158
Trigger: 3827
175
324
328
332
329
333
327
327
323
335
326
327
328
Trigger: 4114
111
115
120
138
126
126
130
123
104
114
106
103
107
104
126
142
152
177
188
176
175
141
119
132
167
193
263
290
273
253
235
212
139
111
102
105
108
124
136
136
147
162
175
193
221
255
271
288
325
349
400
547
Trigger: 3942
127
102
123
115
118
115
116
124
132
136
134
142
144
143
152
148
145
159
159
160
157
176
180
189
193
194
185
178
Trigger: 3917
119
115
129
145
161
179
201
236
264
278
284
304
365
432
440
462
Trigger: 4114
104
109
156
235
295
358
385
277
106
105
102
105
106
148
226
234
245
217
197
218
185
117
126
235
263
262
274
300
325
326
309
264
104
116
121
119
110
105
109
126
114
124
120
135
147
166
187
214
249
257
263
254
244
239
217
205
203
Trigger: 3907
108
102
103
125
108
118
119
133
132
129
128
122
129
129
145
151
158
145
152
155
177
189
211
195
191
171
147
138
144
Trigger: 3841
103
105
102
112
104
114
127
156
183
202
227
209
203
187
167
169
212
227
250
210
172
101
118
127
177
292
399
345
303
313
387
387
379
319
308
Trigger: 3854
103
108
126
127
145
159
180
196
212
225
232
260
290
323
341
339
316
259
197
Trigger: 3927
111
102
101
101
131
119
115
121
124
127
129
146
161
274
482
546
662
751
Trigger: 3888
118
102
107
103
104
110
118
138
160
177
188
191
183
183
178
194
198
201
210
224
216
213
212
Trigger: 3828
114
102
106
118
126
204
242
270
231
114
104
103
102
103
107
107
110
103
103
111
103
105
102
106
105
103
103
104
112
101
104
102
104
105
111
113
101
105
105
114
112
118
107
124
126
135
122
131
129
130
116
125
117
119
125
114
112
126
120
114
121
117
121
109
116
116
117
122
Trigger: 3899
102
101
115
105
103
103
113
120
140
153
164
186
201
216
218
221
231
216
217
203
198
209
231
248
263
Trigger: 3851
107
106
109
111
113
125
130
146
163
175
189
200
211
213
216
222
225
228
245
266
270
248
Trigger: 4018
103
165
300
342
358
391
428
525
607
655
Trigger: 3874
130
130
156
155
213
247
252
266
282
279
272
281
267
275
278
289
300
Trigger: 4072
115
107
123
125
111
145
165
190
185
199
196
228
212
231
209
193
190
194
167
131
127
104
102
118
138
114
Trigger: 3897
110
123
150
167
168
186
196
198
197
188
195
212
211
218
218
234
246
244
247
251
Trigger: 3959
110
118
122
129
141
168
200
212
232
232
235
282
372
395
418
456
Trigger: 3822
101
116
102
112
114
122
136
132
133
136
136
121
112
101
105
108
105
109
140
157
167
203
240
359
422
467
492
505
474
388
Trigger: 4014
117
115
150
191
231
309
512
611
658
705
719
Trigger: 4318
168
169
168
194
219
268
321
358
401
417
413
412
464
Trigger: 3972
110
122
135
157
152
132
116
116
135
163
242
480
638
665
708
733
Trigger: 3996
140
156
168
178
189
178
199
224
212
212
205
205
195
181
123
188
219
329
457
597
658
665
684
691
Trigger: 4488
102
107
109
131
167
159
174
173
174
177
197
210
227
265
302
323
310
301
331
Trigger: 3837
136
139
166
170
163
120
114
116
149
120
104
132
130
137
155
201
208
204
212
241
229
232
214
235
221
248
224
Trigger: 3946
128
184
203
210
226
301
304
287
289
280
245
187
148
111
130
145
165
186
151
154
136
143
147
159
167
154
143
132
156
185
214
222
241
240
232
230
Trigger: 3943
141
144
168
158
162
190
198
194
206
206
213
206
201
220
219
216
218
227
240
297
Trigger: 4024
117
246
287
290
278
235
140
141
136
149
224
287
283
231
275
296
313
355
379
389
430
Trigger: 3888
105
122
107
108
107
108
446
437
367
556
538
564
342
202
113
120
237
Trigger: 3922
114
133
107
102
104
106
102
117
104
101
103
105
113
106
110
132
152
175
188
198
158
158
184
191
190
179
184
187
198
203
198
153
122
119
111
101
129
162
205
198
197
144
117
126
106
115
130
142
142
145
147
161
166
173
168
176
172
186
199
204
202
192
194
131
125
130
160
191
206
212
192
178
163
145
119
120
141
171
229
333
446
399
342
342
428
462
367
312
Trigger: 4092
145
203
224
334
198
185
387
687
744
654
569
Trigger: 4330
141
208
255
278
249
168
127
185
214
262
310
383
419
423
437
418
398
384
Trigger: 3960
103
115
122
133
149
156
154
153
157
157
171
168
153
157
142
142
149
144
141
132
108
110
103
109
116
108
112
110
102
104
113
115
115
124
155
153
196
212
258
277
303
298
300
309
312
321
319
326
Trigger: 4093
102
103
114
114
115
127
139
135
146
142
152
134
132
117
110
101
106
106
110
106
106
104
109
117
113
105
115
112
116
105
120
116
109
115
110
108
111
107
109
112
112
114
111
121
127
126
127
132
140
Trigger: 3858
103
110
114
116
120
116
124
124
124
133
132
140
141
139
143
139
141
140
139
137
126
110
103
115
136
134
130
140
138
148
153
147
148
157
158
160
167
171
171
176
193
226
271
310
341
Trigger: 3890
132
145
170
170
192
202
146
122
215
399
439
462
478
500
466
445
460
Trigger: 3864
111
105
106
172
207
109
147
276
321
309
275
251
225
165
128
101
132
154
151
153
146
145
144
139
136
131
127
109
131
163
161
162
172
172
178
213
260
305
306
303
318
328
425
370
Trigger: 3967
101
102
130
152
165
200
214
220
225
238
257
305
299
281
251
176
138
190
345
401
377
353
371
375
364
373
367
374
Trigger: 4028
104
110
128
144
152
174
175
175
179
163
159
159
162
149
148
139
131
136
140
147
141
139
134
108
121
116
153
170
207
259
260
257
228
196
178
154
104
104
136
188
233
268
306
344
394
485
693
745
Trigger: 4000
107
124
201
16575
Trigger: 16900
21032
Trigger: 21032
7421
Trigger: 7421
25458
Trigger: 25458
14054
Trigger: 14054
27687
Trigger: 27687
115
113
23039
Trigger: 23152
23461
Trigger: 23461
24225
Trigger: 24225
24026
Trigger: 24026
113
126
131
145
144
145
146
156
154
140
144
147
144
151
162
186
181
205
210
214
211
226
208
198
Trigger: 3987
121
123
101
104
113
120
104
112
109
116
106
119
1247
36308
Trigger: 38341
1637
20618
Trigger: 22255
18076
Trigger: 18076
8297
Trigger: 8297
6807
Trigger: 6807
114
132
186
229
255
288
333
445
635
656
606
Trigger: 3879
106
106
133
119
121
124
123
107
113
121
125
134
123
125
125
124
138
133
123
104
113
124
136
126
138
129
131
116
122
104
108
28380
Trigger: 28380
1677
34270
Trigger: 35947
1613
33213
Trigger: 34826
27554
Trigger: 27554
113
141
173
225
283
288
265
239
227
250
275
274
259
240
221
219
204
Trigger: 3896
106
109
108
106
112
128
123
125
126
125
133
138
134
142
150
155
150
162
160
168
187
189
178
178
174
177
182
Trigger: 3819
112
112
108
114
106
104
105
109
116
109
110
102
118
115
118
104
115
106
103
114
105
113
115
115
101
103
119
121
111
113
117
110
104
102
103
106
109
109
109
110
104
107
112
114
112
112
110
120
124
115
114
126
112
116
114
131
121
114
123
116
122
117
120
114
Trigger: 3869
106
103
112
106
114
119
115
123
123
128
117
122
130
123
138
129
134
125
129
128
138
138
146
150
155
170
171
193
201
205
Trigger: 3882
106
109
103
111
105
105
103
111
124
122
121
134
129
126
117
119
124
130
120
128
124
138
130
130
136
160
220
21747
Trigger: 23287
22615
Trigger: 22615
8698
Trigger: 8698
37801
Trigger: 37801
28874
Trigger: 28874
1939
41763
Trigger: 43702
192
108
128
198
267
272
283
289
330
6451
Trigger: 8326
41168
Trigger: 41168
106
120
144
181
257
2638
7564
Trigger: 11010
2447
3743
Trigger: 6190
7554
Trigger: 7554
122
141
191
251
367
592
767
866
879
Trigger: 4176
125
662
1617
3104
Trigger: 5508
1310
699
106
921
24800
Trigger: 25827
8852
Trigger: 8852
18429
Trigger: 18429
119
151
207
317
530
596
682
649
543
505
Trigger: 4299
137
293
364
364
375
365
382
435
460
469
476
Trigger: 4120
113
364
665
671
707
650
416
192
104
108
103
106
103
103
104
104
101
103
112
116
135
147
142
166
204
191
209
253
311
462
758
683
Trigger: 4197
145
211
223
257
341
354
378
393
382
314
235
193
169
158
132
Trigger: 3885
872
37481
Trigger: 38353
11171
Trigger: 11171
5475
Trigger: 5475
21167
Trigger: 21167
676
19690
Trigger: 20366
106
107
104
105
106
103
101
109
106
116
117
104
116
111
111
108
104
106
129
126
118
112
124
105
117
102
104
115
103
117
123
126
119
113
120
112
108
114
120
117
127
130
122
128
132
122
126
128
122
134
122
133
125
125
125
130
132
132
124
126
134
Trigger: 3851
101
105
103
101
109
101
109
103
101
104
114
106
102
117
106
102
112
105
107
112
116
108
102
121
101
102
110
109
108
101
114
107
110
114
106
108
109
114
117
111
108
107
108
116
105
122
110
107
109
112
117
105
117
116
112
110
115
115
115
103
108
108
106
106
115
116
119
114
107
115
107
109
106
108
116
118
110
121
121
123
132
123
120
127
117
120
128
127
137
133
136
131
146
140
133
121
112
105
101
147
321
417
415
384
338
229
102
118
154
189
216
272
225
351
557
762
2600
Trigger: 5546
293
546
1215
171
143
177
155
148
300
226
150
102
151
213
291
307
305
288
271
245
209
151
165
251
317
375
425
430
461
464
486
428
Trigger: 3802
117
263
326
289
215
144
108
123
176
208
219
211
188
195
215
227
259
240
210
164
136
116
101
115
126
137
151
158
146
158
150
161
157
164
161
171
171
174
186
200
187
191
192
200
193
Trigger: 3866
102
110
114
113
108
103
128
337
552
559
516
501
502
427
239
136
Trigger: 3897
103
102
113
128
143
148
157
171
199
286
388
529
650
691
739
Trigger: 4444
121
111
124
118
131
154
163
189
205
210
203
195
182
184
200
220
210
238
214
218
196
216
Trigger: 4002
109
104
119
114
105
117
118
124
122
104
122
115
117
130
134
131
129
140
156
169
182
164
166
183
172
174
166
181
192
138
174
219
257
238
222
234
285
395
508
568
557
550
Trigger: 4345
121
157
266
386
479
589
637
666
698
Trigger: 3999
108
121
125
110
128
126
121
119
149
181
217
284
355
348
255
198
160
140
110
4165
Trigger: 4165
6173
Trigger: 6173
902
4831
Trigger: 5733
609
4000
Trigger: 4609
206
900
118
1444
10022
Trigger: 11466
122
245
3829
Trigger: 4196
3028
5573
Trigger: 5573
5693
Trigger: 5693
102
165
227
272
285
325
389
385
411
432
440
464
Trigger: 3897
110
128
142
153
190
208
206
180
206
235
218
233
224
242
282
238
144
101
123
110
125
113
